1 	11012 
2 	20573 
3 	20262 
1 	12989 
2 	21724 
3 	22280 
1 	12313 
2 	22984 
3 	25116 
1 	12635 
2 	22244 
3 	31883 
1 	13865 
2 	19685 
3 	20909 
1 	13574 
2 	21880 
3 	22163 
1 	12269 
2 	17197 
3 	24802 
1 	13259 
2 	17407 
3 	23470 
1 	14748 
2 	27244 
3 	24380 
1 	13939 
2 	17738 
3 	20197 
1 	15457 
2 	18769 
3 	23926 
1 	14954 
2 	18528 
3 	19482 
1 	14183 
2 	21418 
3 	27877 
1 	14159 
2 	23002 
3 	26044 
1 	13812 
2 	12597 
3 	20414 
1 	13794 
2 	24795 
3 	30540 
1 	13795 
2 	18489 
3 	24663 
1 	12836 
2 	21848 
3 	23052 
1 	11860 
2 	19042 
3 	27772 
1 	13324 
2 	23629 
3 	29031 
1 	11939 
2 	21099 
3 	28344 
1 	13550 
2 	21140 
3 	22234 
1 	13144 
2 	22147 
3 	31250 
1 	10763 
2 	21570 
3 	20323 
1 	12131 
2 	18289 
3 	20752 
1 	14470 
2 	19931 
3 	19184 
1 	14777 
2 	27667 
3 	29258 
1 	13422 
2 	26550 
3 	20808 
1 	15775 
2 	26857 
3 	29744 
1 	15922 
2 	25275 
3 	26421 
1 	15558 
2 	19550 
3 	26792 
1 	13869 
2 	20331 
3 	28985 
1 	11412 
2 	27194 
3 	28310 
1 	7899 
2 	22962 
3 	25779 
1 	15967 
2 	22306 
3 	27427 
1 	15412 
2 	23094 
3 	26216 
1 	13391 
2 	24305 
3 	26490 
1 	14730 
2 	26936 
3 	31704 
1 	14930 
2 	23073 
3 	29758 
1 	13888 
2 	23117 
3 	29362 
1 	13535 
2 	23451 
3 	31228 
1 	12190 
2 	24233 
3 	38856 
1 	14190 
2 	21647 
3 	29051 
1 	15251 
2 	18516 
3 	22214 
1 	15986 
2 	21466 
3 	30269 
1 	14974 
2 	21741 
3 	27882 
1 	15390 
2 	22792 
3 	19050 
1 	14030 
2 	21747 
3 	22759 
1 	14589 
2 	25129 
3 	23153 
1 	14815 
2 	23325 
3 	23989 
1 	12786 
2 	23256 
3 	27779 
1 	13189 
2 	26102 
3 	29811 
1 	13583 
2 	20281 
3 	24201 
1 	15328 
2 	21885 
3 	30001 
1 	15650 
2 	24265 
3 	27575 
1 	14919 
2 	20600 
3 	32625 
1 	15998 
2 	26071 
3 	32139 
1 	14636 
2 	22417 
3 	26286 
1 	13578 
2 	20592 
3 	32192 
1 	12816 
2 	28886 
3 	34970 
1 	12457 
2 	19973 
3 	28540 
1 	12776 
2 	23742 
3 	29371 
1 	14838 
2 	23357 
3 	25244 
1 	15879 
2 	24573 
3 	27856 
1 	15707 
2 	27484 
3 	29650 
1 	15491 
2 	20726 
3 	29510 
1 	15373 
2 	26082 
3 	31228 
1 	13813 
2 	26866 
3 	26790 
1 	14904 
2 	25546 
3 	25003 
1 	15883 
2 	21063 
3 	20249 
1 	15304 
2 	21438 
3 	27776 
1 	14545 
2 	17171 
3 	20184 
1 	13736 
2 	20280 
3 	20066 
1 	12190 
2 	21439 
3 	24289 
1 	13831 
2 	23654 
3 	28162 
1 	15472 
2 	22096 
3 	27233 
1 	13411 
2 	25200 
3 	31385 
1 	12044 
2 	24390 
3 	25315 
1 	12756 
2 	29013 
3 	23315 
1 	11827 
2 	22131 
3 	22415 
1 	11714 
2 	20999 
3 	19511 
1 	15283 
2 	24820 
3 	33903 
1 	13884 
2 	20535 
3 	25706 
1 	16197 
2 	23373 
3 	29411 
1 	13926 
2 	28537 
3 	28314 
1 	12518 
2 	17541 
3 	25160 
1 	14427 
2 	20849 
3 	19189 
1 	15373 
2 	18103 
3 	22243 
1 	13918 
2 	23663 
3 	22182 
1 	13808 
2 	25745 
3 	19195 
1 	15283 
2 	19446 
3 	18157 
1 	13730 
2 	17952 
3 	37044 
1 	14486 
2 	19488 
3 	22785 
1 	13570 
2 	21877 
3 	27401 
1 	13973 
2 	19192 
3 	48033 
1 	13231 
2 	21047 
3 	21346 
1 	13688 
2 	24227 
3 	24622 
1 	11932 
2 	18922 
3 	24777 
1 	10106 
2 	21442 
3 	23479 
1 	15110 
2 	21477 
3 	23278 
1 	12340 
2 	20729 
3 	19251 
1 	13882 
2 	26493 
3 	24702 
1 	13268 
2 	22896 
3 	24778 
1 	12829 
2 	30679 
3 	28907 
1 	12708 
2 	23640 
3 	25587 
1 	15026 
2 	21582 
3 	29814 
1 	13609 
2 	23756 
3 	37439 
1 	12215 
2 	24865 
3 	30599 
1 	12338 
2 	25072 
3 	22505 
1 	14164 
2 	19917 
3 	29798 
1 	14808 
2 	20544 
3 	16006 
1 	13982 
2 	27618 
3 	26326 
1 	14515 
2 	20146 
3 	22283 
1 	13973 
2 	22321 
3 	20633 
1 	13684 
2 	23017 
3 	23650 
1 	13806 
2 	21382 
3 	22433 
1 	13835 
2 	23389 
3 	26429 
1 	14482 
2 	22262 
3 	24636 
1 	13817 
2 	30956 
3 	30235 
1 	13985 
2 	23634 
3 	31411 
1 	15194 
2 	28462 
3 	37831 
1 	12557 
2 	24831 
3 	28201 
1 	14179 
2 	25018 
3 	26181 
1 	13357 
2 	28603 
3 	27723 
1 	16653 
2 	35311 
3 	27920 
1 	14422 
2 	25222 
3 	28618 
1 	14487 
2 	23623 
3 	27291 
1 	267604 
2 	416386 
3 	401697 
1 	15576 
2 	23187 
3 	26394 
1 	15741 
2 	24619 
3 	26764 
1 	13357 
2 	25166 
3 	27346 
1 	14620 
2 	20628 
3 	25522 
1 	266352 
2 	463217 
3 	480724 
1 	16137 
2 	21200 
3 	28267 
1 	14682 
2 	26220 
3 	22073 
1 	15277 
2 	29012 
3 	25703 
1 	15076 
2 	30010 
3 	28755 
1 	15761 
2 	31827 
3 	25709 
1 	15699 
2 	30858 
3 	33080 
1 	15337 
2 	31994 
3 	29259 
1 	16018 
2 	29982 
3 	28236 
1 	15361 
2 	33638 
3 	31957 
1 	14643 
2 	26679 
3 	28016 
1 	13909 
2 	32676 
3 	37724 
1 	14427 
2 	24047 
3 	33283 
1 	16851 
2 	29917 
3 	36921 
1 	15017 
2 	25513 
3 	35719 
1 	17484 
2 	29111 
3 	27255 
1 	15921 
2 	31245 
3 	27734 
1 	15699 
2 	25118 
3 	27400 
1 	14601 
2 	31053 
3 	35021 
1 	15527 
2 	27760 
3 	31208 
1 	15958 
2 	27159 
3 	24593 
1 	16526 
2 	29639 
3 	24566 
1 	13749 
2 	20093 
3 	29185 
1 	14674 
2 	24742 
3 	34515 
